# color.r, color.g, color.b
0 99 178 238
1 99 145 238
2 99 111 238
3 238 169 238
4 153 99 238
5 187 99 238
6 220 99 238
7 238 99 222
8 238 99 189
9 238 99 156
10 238 99 122
11 238 109 99
12 238 142 99
13 238 176 99
14 238 209 99
15 234 238 99
16 200 238 99
17 167 238 99
18 134 238 99
19 100 238 99
20 99 238 131
21 99 238 165
22 99 238 198
23 99 238 231
24 99 211 238
25 118 218 145
26 118 218 169
27 118 218 193
28 118 218 217
29 118 195 218
30 118 171 218
31 118 147 218
32 118 123 218
33 137 118 218
34 161 118 218
35 185 118 218
36 209 118 218
37 218 118 203
38 218 118 179
39 218 118 155
40 218 118 131
41 218 129 118
42 218 153 118
43 218 177 118
44 218 201 118
45 211 218 118
46 187 218 118
47 163 218 118
48 139 218 118
49 118 218 121
50 248 203 127
51 248 232 127
52 235 248 127
53 206 248 127
54 177 248 127
55 148 248 127
56 127 248 135
57 127 248 164
58 127 248 193
59 127 248 222
60 127 245 248
61 127 216 248
62 127 187 248
63 127 157 248
64 127 128 248
65 155 127 248
66 184 127 248
67 213 127 248
68 242 127 248
69 248 127 225
70 248 127 196
71 248 127 167
72 248 127 138
73 248 145 127
74 248 174 127
75 248 149 136
76 248 176 136
77 248 203 136
78 248 230 136
79 239 248 136
80 213 248 136
81 186 248 136
82 159 248 136
83 136 248 140
84 136 248 167
85 136 248 194
86 136 248 221
87 136 248 248
88 136 222 248
89 136 195 248
90 136 168 248
91 136 141 248
92 158 136 248
93 185 136 248
94 212 136 248
95 239 136 248
96 248 136 231
97 248 136 204
98 248 136 177
99 248 136 150
100 124 214 207
101 124 199 214
102 124 178 214
103 124 156 214
104 124 135 214
105 135 124 214
106 157 124 214
107 178 124 214
108 200 124 214
109 214 124 207
110 214 124 185
111 214 124 163
112 214 124 142
113 214 128 124
114 214 149 124
115 214 171 124
116 214 193 124
117 214 214 124
118 192 214 124
119 171 214 124
120 149 214 124
121 127 214 124
122 124 214 142
123 124 214 164
124 124 214 185
125 255 197 244
126 255 197 230
127 255 197 216
128 255 197 202
129 255 206 197
130 255 220 197
131 255 234 197
132 255 247 197
133 249 255 197
134 235 255 197
135 221 255 197
136 207 255 197
137 197 255 201
138 197 255 215
139 197 255 229
140 197 255 243
141 197 253 255
142 197 239 255
143 197 225 255
144 197 212 255
145 197 198 255
146 210 197 255
147 224 197 255
148 238 197 255
149 252 197 255
150 120 152 225
151 120 127 225
152 138 120 225
153 164 120 225
154 189 120 225
155 214 120 225
156 225 120 211
157 225 120 186
158 225 120 160
159 225 120 135
160 225 130 120
161 225 155 120
162 225 180 120
163 225 206 120
164 219 225 120
165 194 225 120
166 169 225 120
167 144 225 120
168 120 225 122
169 120 225 147
170 120 225 172
171 120 225 197
172 120 225 222
173 120 202 225
174 120 177 225
175 239 166 102
176 239 199 102
177 239 232 102
178 213 239 102
179 180 239 102
180 148 239 102
181 115 239 102
182 102 239 122
183 102 239 155
184 102 239 188
185 102 239 221
186 102 224 239
187 102 191 239
188 102 159 239
189 102 126 239
190 111 102 239
191 144 102 239
192 177 102 239
193 210 102 239
194 239 102 235
195 239 102 202
196 239 102 170
197 239 102 137
198 239 102 104
199 239 133 102
200 237 221 134
201 228 237 134
202 204 237 134
203 179 237 134
204 154 237 134
205 134 237 139
206 134 237 163
207 134 237 188
208 134 237 213
209 134 237 237
210 134 212 237
211 134 187 237
212 134 162 237
213 134 138 237
214 155 134 237
215 180 134 237
216 205 134 237
217 229 134 237
218 237 134 220
219 237 134 195
220 237 134 171
221 237 134 146
222 237 147 134
223 237 172 134
224 237 196 134
225 153 135 206
226 170 135 206
227 187 135 206
228 204 135 206
229 206 135 191
230 206 135 174
231 206 135 157
232 206 135 140
233 206 147 135
234 206 164 135
235 206 181 135
236 206 198 135
237 197 206 135
238 179 206 135
239 162 206 135
240 145 206 135
241 135 206 142
242 135 206 159
243 135 206 176
244 135 206 193
245 135 202 206
246 135 185 206
247 135 168 206
248 135 151 206
249 136 135 206
250 238 232 169
251 227 238 169
252 211 238 169
253 194 238 169
254 178 238 169
255 169 238 177
256 169 238 193
257 169 238 210
258 169 238 226
259 169 233 238
260 169 216 238
261 169 200 238
262 169 183 238
263 171 169 238
264 188 169 238
265 204 169 238
266 221 169 238
267 120 99 238
268 238 169 222
269 238 169 205
270 238 169 189
271 238 169 172
272 238 182 169
273 238 199 169
274 238 215 169
275 118 218 145
276 118 218 169
277 118 218 193
278 118 218 217
279 118 195 218
280 118 171 218
281 118 147 218
282 118 123 218
283 137 118 218
284 161 118 218
285 185 118 218
286 209 118 218
287 218 118 203
288 218 118 179
289 218 118 155
290 218 118 131
291 218 129 118
292 218 153 118
293 218 177 118
294 218 201 118
295 211 218 118
296 187 218 118
297 163 218 118
298 139 218 118
299 118 218 121
300 104 237 203
301 104 237 235
302 104 207 237
303 104 175 237
304 104 143 237
305 104 111 237
306 129 104 237
307 160 104 237
308 192 104 237
309 224 104 237
310 237 104 218
311 237 104 186
312 237 104 154
313 237 104 122
314 237 118 104
315 237 150 104
316 237 182 104
317 237 214 104
318 228 237 104
319 197 237 104
320 165 237 104
321 133 237 104
322 104 237 107
323 104 237 139
324 104 237 171
325 77 240 214
326 77 227 240
327 77 188 240
328 77 149 240
329 77 110 240
330 84 77 240
331 123 77 240
332 162 77 240
333 201 77 240
334 240 77 240
335 240 77 201
336 240 77 162
337 240 77 123
338 240 77 83
339 240 110 77
340 240 149 77
341 240 188 77
342 240 227 77
343 214 240 77
344 175 240 77
345 136 240 77
346 96 240 77
347 77 240 97
348 77 240 136
349 77 240 175
350 242 104 181
351 242 104 148
352 242 104 115
353 242 126 104
354 242 159 104
355 242 193 104
356 242 226 104
357 225 242 104
358 192 242 104
359 159 242 104
360 126 242 104
361 104 242 115
362 104 242 148
363 104 242 182
364 104 242 215
365 104 236 242
366 104 203 242
367 104 170 242
368 104 137 242
369 104 104 242
370 137 104 242
371 171 104 242
372 204 104 242
373 237 104 242
374 242 104 214
0 99 178 238
1 99 145 238
2 99 111 238
3 238 169 238
4 153 99 238
5 187 99 238
6 220 99 238
7 238 99 222
8 238 99 189
9 238 99 156
10 238 99 122
11 238 109 99
12 238 142 99
13 238 176 99
14 238 209 99
15 234 238 99
16 200 238 99
17 167 238 99
18 134 238 99
19 100 238 99
20 99 238 131
21 99 238 165
22 99 238 198
23 99 238 231
24 99 211 238
25 118 218 145
26 118 218 169
27 118 218 193
28 118 218 217
29 118 195 218
30 118 171 218
31 118 147 218
32 118 123 218
33 137 118 218
34 161 118 218
35 185 118 218
36 209 118 218
37 218 118 203
38 218 118 179
39 218 118 155
40 218 118 131
41 218 129 118
42 218 153 118
43 218 177 118
44 218 201 118
45 211 218 118
46 187 218 118
47 163 218 118
48 139 218 118
49 118 218 121
50 248 203 127
51 248 232 127
52 235 248 127
53 206 248 127
54 177 248 127
55 148 248 127
56 127 248 135
57 127 248 164
58 127 248 193
59 127 248 222
60 127 245 248
61 127 216 248
62 127 187 248
63 127 157 248
64 127 128 248
65 155 127 248
66 184 127 248
67 213 127 248
68 242 127 248
69 248 127 225
70 248 127 196
71 248 127 167
72 248 127 138
73 248 145 127
74 248 174 127
75 248 149 136
76 248 176 136
77 248 203 136
78 248 230 136
79 239 248 136
80 213 248 136
81 186 248 136
82 159 248 136
83 136 248 140
84 136 248 167
85 136 248 194
86 136 248 221
87 136 248 248
88 136 222 248
89 136 195 248
90 136 168 248
91 136 141 248
92 158 136 248
93 185 136 248
94 212 136 248
95 239 136 248
96 248 136 231
97 248 136 204
98 248 136 177
99 248 136 150
100 124 214 207
101 124 199 214
102 124 178 214
103 124 156 214
104 124 135 214
105 135 124 214
106 157 124 214
107 178 124 214
108 200 124 214
109 214 124 207
110 214 124 185
111 214 124 163
112 214 124 142
113 214 128 124
114 214 149 124
115 214 171 124
116 214 193 124
117 214 214 124
118 192 214 124
119 171 214 124
120 149 214 124
121 127 214 124
122 124 214 142
123 124 214 164
124 124 214 185
125 255 197 244
126 255 197 230
127 255 197 216
128 255 197 202
129 255 206 197
130 255 220 197
131 255 234 197
132 255 247 197
133 249 255 197
134 235 255 197
135 221 255 197
136 207 255 197
137 197 255 201
138 197 255 215
139 197 255 229
140 197 255 243
141 197 253 255
142 197 239 255
143 197 225 255
144 197 212 255
145 197 198 255
146 210 197 255
147 224 197 255
148 238 197 255
149 252 197 255
150 120 152 225
151 120 127 225
152 138 120 225
153 164 120 225
154 189 120 225
155 214 120 225
156 225 120 211
157 225 120 186
158 225 120 160
159 225 120 135
160 225 130 120
161 225 155 120
162 225 180 120
163 225 206 120
164 219 225 120
165 194 225 120
166 169 225 120
167 144 225 120
168 120 225 122
169 120 225 147
170 120 225 172
171 120 225 197
172 120 225 222
173 120 202 225
174 120 177 225
175 239 166 102
176 239 199 102
177 239 232 102
178 213 239 102
179 180 239 102
180 148 239 102
181 115 239 102
182 102 239 122
183 102 239 155
184 102 239 188
185 102 239 221
186 102 224 239
187 102 191 239
188 102 159 239
189 102 126 239
190 111 102 239
191 144 102 239
192 177 102 239
193 210 102 239
194 239 102 235
195 239 102 202
196 239 102 170
197 239 102 137
198 239 102 104
199 239 133 102
200 237 221 134
201 228 237 134
202 204 237 134
203 179 237 134
204 154 237 134
205 134 237 139
206 134 237 163
207 134 237 188
208 134 237 213
209 134 237 237
210 134 212 237
211 134 187 237
212 134 162 237
213 134 138 237
214 155 134 237
215 180 134 237
216 205 134 237
217 229 134 237
218 237 134 220
219 237 134 195
220 237 134 171
221 237 134 146
222 237 147 134
223 237 172 134
224 237 196 134
225 153 135 206
226 170 135 206
227 187 135 206
228 204 135 206
229 206 135 191
230 206 135 174
231 206 135 157
232 206 135 140
233 206 147 135
234 206 164 135
235 206 181 135
236 206 198 135
237 197 206 135
238 179 206 135
239 162 206 135
240 145 206 135
241 135 206 142
242 135 206 159
243 135 206 176
244 135 206 193
245 135 202 206
246 135 185 206
247 135 168 206
248 135 151 206
249 136 135 206
250 238 232 169
251 227 238 169
252 211 238 169
253 194 238 169
254 178 238 169
255 169 238 177
256 169 238 193
257 169 238 210
258 169 238 226
259 169 233 238
260 169 216 238
261 169 200 238
262 169 183 238
263 171 169 238
264 188 169 238
265 204 169 238
266 221 169 238
267 120 99 238
268 238 169 222
269 238 169 205
270 238 169 189
271 238 169 172
272 238 182 169
273 238 199 169
274 238 215 169
275 118 218 145
276 118 218 169
277 118 218 193
278 118 218 217
279 118 195 218
280 118 171 218
281 118 147 218
282 118 123 218
283 137 118 218
284 161 118 218
285 185 118 218
286 209 118 218
287 218 118 203
288 218 118 179
289 218 118 155
290 218 118 131
291 218 129 118
292 218 153 118
293 218 177 118
294 218 201 118
295 211 218 118
296 187 218 118
297 163 218 118
298 139 218 118
299 118 218 121
300 104 237 203
301 104 237 235
302 104 207 237
303 104 175 237
304 104 143 237
305 104 111 237
306 129 104 237
307 160 104 237
308 192 104 237
309 224 104 237
310 237 104 218
311 237 104 186
312 237 104 154
313 237 104 122
314 237 118 104
315 237 150 104
316 237 182 104
317 237 214 104
318 228 237 104
319 197 237 104
320 165 237 104
321 133 237 104
322 104 237 107
323 104 237 139
324 104 237 171
325 77 240 214
326 77 227 240
327 77 188 240
328 77 149 240
329 77 110 240
330 84 77 240
331 123 77 240
332 162 77 240
333 201 77 240
334 240 77 240
335 240 77 201
336 240 77 162
337 240 77 123
338 240 77 83
339 240 110 77
340 240 149 77
341 240 188 77
342 240 227 77
343 214 240 77
344 175 240 77
345 136 240 77
346 96 240 77
347 77 240 97
348 77 240 136
349 77 240 175
350 242 104 181
351 242 104 148
352 242 104 115
353 242 126 104
354 242 159 104
355 242 193 104
356 242 226 104
357 225 242 104
358 192 242 104
359 159 242 104
360 126 242 104
361 104 242 115
362 104 242 148
363 104 242 182
364 104 242 215
365 104 236 242
366 104 203 242
367 104 170 242
368 104 137 242
369 104 104 242
370 137 104 242
371 171 104 242
372 204 104 242
373 237 104 242
374 242 104 214
0 99 178 238
1 99 145 238
2 99 111 238
3 238 169 238
4 153 99 238
5 187 99 238
6 220 99 238
7 238 99 222
8 238 99 189
9 238 99 156
10 238 99 122
11 238 109 99
12 238 142 99
13 238 176 99
14 238 209 99
15 234 238 99
16 200 238 99
17 167 238 99
18 134 238 99
19 100 238 99
20 99 238 131
21 99 238 165
22 99 238 198
23 99 238 231
24 99 211 238
25 118 218 145
26 118 218 169
27 118 218 193
28 118 218 217
29 118 195 218
30 118 171 218
31 118 147 218
32 118 123 218
33 137 118 218
34 161 118 218
35 185 118 218
36 209 118 218
37 218 118 203
38 218 118 179
39 218 118 155
40 218 118 131
41 218 129 118
42 218 153 118
43 218 177 118
44 218 201 118
45 211 218 118
46 187 218 118
47 163 218 118
48 139 218 118
49 118 218 121
50 248 203 127
51 248 232 127
52 235 248 127
53 206 248 127
54 177 248 127
55 148 248 127
56 127 248 135
57 127 248 164
58 127 248 193
59 127 248 222
60 127 245 248
61 127 216 248
62 127 187 248
63 127 157 248
64 127 128 248
65 155 127 248
66 184 127 248
67 213 127 248
68 242 127 248
69 248 127 225
70 248 127 196
71 248 127 167
72 248 127 138
73 248 145 127
74 248 174 127
75 248 149 136
76 248 176 136
77 248 203 136
78 248 230 136
79 239 248 136
80 213 248 136
81 186 248 136
82 159 248 136
83 136 248 140
84 136 248 167
85 136 248 194
86 136 248 221
87 136 248 248
88 136 222 248
89 136 195 248
90 136 168 248
91 136 141 248
92 158 136 248
93 185 136 248
94 212 136 248
95 239 136 248
96 248 136 231
97 248 136 204
98 248 136 177
99 248 136 150
100 124 214 207
101 124 199 214
102 124 178 214
103 124 156 214
104 124 135 214
105 135 124 214
106 157 124 214
107 178 124 214
108 200 124 214
109 214 124 207
110 214 124 185
111 214 124 163
112 214 124 142
113 214 128 124
114 214 149 124
115 214 171 124
116 214 193 124
117 214 214 124
118 192 214 124
119 171 214 124
120 149 214 124
121 127 214 124
122 124 214 142
123 124 214 164
124 124 214 185
125 255 197 244
126 255 197 230
127 255 197 216
128 255 197 202
129 255 206 197
130 255 220 197
131 255 234 197
132 255 247 197
133 249 255 197
134 235 255 197
135 221 255 197
136 207 255 197
137 197 255 201
138 197 255 215
139 197 255 229
140 197 255 243
141 197 253 255
142 197 239 255
143 197 225 255
144 197 212 255
145 197 198 255
146 210 197 255
147 224 197 255
148 238 197 255
149 252 197 255
150 120 152 225
151 120 127 225
152 138 120 225
153 164 120 225
154 189 120 225
155 214 120 225
156 225 120 211
157 225 120 186
158 225 120 160
159 225 120 135
160 225 130 120
161 225 155 120
162 225 180 120
163 225 206 120
164 219 225 120
165 194 225 120
166 169 225 120
167 144 225 120
168 120 225 122
169 120 225 147
170 120 225 172
171 120 225 197
172 120 225 222
173 120 202 225
174 120 177 225
175 239 166 102
176 239 199 102
177 239 232 102
178 213 239 102
179 180 239 102
180 148 239 102
181 115 239 102
182 102 239 122
183 102 239 155
184 102 239 188
185 102 239 221
186 102 224 239
187 102 191 239
188 102 159 239
189 102 126 239
190 111 102 239
191 144 102 239
192 177 102 239
193 210 102 239
194 239 102 235
195 239 102 202
196 239 102 170
197 239 102 137
198 239 102 104
199 239 133 102
200 237 221 134
201 228 237 134
202 204 237 134
203 179 237 134
204 154 237 134
205 134 237 139
206 134 237 163
207 134 237 188
208 134 237 213
209 134 237 237
210 134 212 237
211 134 187 237
212 134 162 237
213 134 138 237
214 155 134 237
215 180 134 237
216 205 134 237
217 229 134 237
218 237 134 220
219 237 134 195
220 237 134 171
221 237 134 146
222 237 147 134
223 237 172 134
224 237 196 134
225 153 135 206
226 170 135 206
227 187 135 206
228 204 135 206
229 206 135 191
230 206 135 174
231 206 135 157
232 206 135 140
233 206 147 135
234 206 164 135
235 206 181 135
236 206 198 135
237 197 206 135
238 179 206 135
239 162 206 135
240 145 206 135
241 135 206 142
242 135 206 159
243 135 206 176
244 135 206 193
245 135 202 206
246 135 185 206
247 135 168 206
248 135 151 206
249 136 135 206
250 238 232 169
251 227 238 169
252 211 238 169
253 194 238 169
254 178 238 169
255 169 238 177
256 169 238 193
257 169 238 210
258 169 238 226
259 169 233 238
260 169 216 238
261 169 200 238
262 169 183 238
263 171 169 238
264 188 169 238
265 204 169 238
266 221 169 238
267 120 99 238
268 238 169 222
269 238 169 205
270 238 169 189
271 238 169 172
272 238 182 169
273 238 199 169
274 238 215 169
275 118 218 145
276 118 218 169
277 118 218 193
278 118 218 217
279 118 195 218
280 118 171 218
281 118 147 218
282 118 123 218
283 137 118 218
284 161 118 218
285 185 118 218
286 209 118 218
287 218 118 203
288 218 118 179
289 218 118 155
290 218 118 131
291 218 129 118
292 218 153 118
293 218 177 118
294 218 201 118
295 211 218 118
296 187 218 118
297 163 218 118
298 139 218 118
299 118 218 121
300 104 237 203
301 104 237 235
302 104 207 237
303 104 175 237
304 104 143 237
305 104 111 237
306 129 104 237
307 160 104 237
308 192 104 237
309 224 104 237
310 237 104 218
311 237 104 186
312 237 104 154
313 237 104 122
314 237 118 104
315 237 150 104
316 237 182 104
317 237 214 104
318 228 237 104
319 197 237 104
320 165 237 104
321 133 237 104
322 104 237 107
323 104 237 139
324 104 237 171
325 77 240 214
326 77 227 240
327 77 188 240
328 77 149 240
329 77 110 240
330 84 77 240
331 123 77 240
332 162 77 240
333 201 77 240
334 240 77 240
335 240 77 201
336 240 77 162
337 240 77 123
338 240 77 83
339 240 110 77
340 240 149 77
341 240 188 77
342 240 227 77
343 214 240 77
344 175 240 77
345 136 240 77
346 96 240 77
347 77 240 97
348 77 240 136
349 77 240 175
350 242 104 181
351 242 104 148
352 242 104 115
353 242 126 104
354 242 159 104
355 242 193 104
356 242 226 104
357 225 242 104
358 192 242 104
359 159 242 104
360 126 242 104
361 104 242 115
362 104 242 148
363 104 242 182
364 104 242 215
365 104 236 242
366 104 203 242
367 104 170 242
368 104 137 242
369 104 104 242
370 137 104 242
371 171 104 242
372 204 104 242
373 237 104 242
374 242 104 214
