# id r g b
0 0 142 255
1 0 19 255
2 164 0 255
3 60 255 0
4 255 83 0
5 0 255 185
6 244 255 0
7 0 203 255
8 0 255 62
9 0 81 255
10 42 0 255
11 103 0 255
12 225 0 255
13 255 0 223
14 255 0 162
15 255 0 101
16 255 0 40
17 255 21 0
18 255 144 0
19 255 205 0
20 183 255 0
21 121 255 0
22 0 255 1
23 0 255 123
24 0 255 246
25 47 161 247
26 47 113 247
27 47 65 247
28 77 47 247
644 24 131 65
501 9 145 208
1220 135 206 188
1098 26 51 196
913 240 178 77
1117 89 229 23
518 129 208 9
744 146 248 127
505 64 9 208
587 237 148 134
297 38 200 156
1036 197 109 61
1258 184 54 17
143 38 221 45
1127 156 135 206
921 77 240 165
434 196 110 26
213 218 171 118
709 219 32 113
738 248 176 127
761 248 127 127
1182 188 37 47
76 127 185 248
916 185 240 77
849 102 150 239
586 237 134 145
482 206 135 171
412 218 188 118
677 47 65 247
1180 188 37 120
1039 187 197 61
1287 131 99 24
1176 111 37 188
1024 77 227 240
155 180 51 163
189 205 239 102
354 122 77 240
408 218 118 144
1055 218 118 216
1183 188 63 37
1058 218 118 144
1086 196 192 26
447 26 91 196
324 4 51 211
253 112 77 240
881 165 104 237
720 32 219 71
601 107 17 184
359 240 77 162
449 42 26 196
822 51 153 180
1263 114 184 17
227 104 171 237
1013 240 149 77
29 125 47 247
920 77 240 125
1139 193 206 135
650 0 203 255
584 237 134 195
95 127 248 137
316 34 211 4
1118 39 229 23
390 154 197 61
1206 206 135 179
1090 37 196 26
217 169 218 118
591 227 237 134
1071 118 218 204
874 118 201 218
1226 134 186 237
1281 131 24 103
1129 190 135 206
997 41 204 196
68 83 219 32
792 75 221 38
735 248 127 166
239 237 154 104
303 156 4 211
1275 24 43 131
373 77 240 214
138 221 191 38
535 188 135 37
759 248 127 185
903 112 77 240
1008 240 77 201
488 206 202 135
529 188 37 156
199 102 150 239
1089 78 196 26
228 104 139 237
558 206 135 145
1259 184 94 17
159 180 63 51
513 208 48 9
168 51 180 83
1293 24 131 39
173 51 122 180
238 237 122 104
379 153 61 197
1232 230 134 237
902 77 81 240
426 124 26 196
1240 237 222 134
397 61 197 196
801 73 51 180
616 17 184 40
555 206 135 196
94 146 248 127
171 51 180 176
193 102 239 131
1015 240 227 77
128 118 38 221
1085 196 151 26
205 179 118 218
669 60 255 0
1112 229 122 23
865 217 218 118
417 128 218 118
989 199 204 41
372 77 240 175
809 180 63 51
457 229 23 171
1051 124 118 218
1119 23 229 56
1135 206 150 135
247 104 237 143
1061 218 164 118
1025 61 100 197
1048 61 165 197
846 102 239 229
56 190 32 219
30 173 47 247
950 7 4 211
222 118 218 187
229 104 107 237
75 127 214 248
1052 148 118 218
383 197 61 111
335 204 52 41
695 47 247 93
1054 196 118 218
1045 61 197 131
1101 23 56 229
619 17 184 161
938 200 130 38
915 224 240 77
813 174 180 51
508 207 9 208
794 38 221 88
493 135 206 145
684 247 47 129
96 127 248 166
356 201 77 240
1081 196 26 64
294 38 200 40
1217 135 206 137
380 185 61 197
77 127 156 248
223 118 218 211
726 127 185 248
71 32 219 115
92 204 248 127
1040 154 197 61
928 66 38 200
1059 218 118 120
283 200 38 140
1186 188 172 37
540 59 188 37
63 219 130 32
1065 176 218 118
1192 37 188 87
843 102 239 131
1157 159 9 208
1193 37 188 123
929 105 38 200
41 193 247 47
636 131 73 24
817 51 180 52
614 74 184 17
907 240 77 211
334 204 41 69
779 162 38 221
585 237 134 170
307 211 4 67
90 248 234 127
752 127 146 248
431 196 26 64
945 38 200 79
867 169 218 118
914 240 217 77
692 145 247 47
782 221 38 149
1243 178 237 134
610 184 134 17
963 183 211 4
667 183 255 0
622 17 87 184
1235 237 134 170
790 163 221 38
263 240 178 77
583 237 134 219
1298 24 94 131
341 121 204 41
509 208 9 161
795 38 221 132
825 102 117 239
510 208 9 113
456 229 23 220
231 165 104 237
1267 17 184 80
577 134 162 237
67 128 219 32
714 219 175 32
528 184 37 188
1271 17 127 184
1028 120 61 197
374 77 227 240
1016 214 240 77
808 180 51 70
553 182 135 206
1257 184 17 20
980 183 41 204
136 221 103 38
467 89 229 23
160 180 94 51
139 207 221 38
313 183 211 4
603 184 17 181
661 255 0 40
157 180 51 101
848 102 183 239
483 206 135 154
141 119 221 38
670 0 255 1
1126 139 135 206
69 38 219 32
1289 111 131 24
1175 75 37 188
113 248 186 127
858 218 118 185
1223 135 173 206
288 200 130 38
611 184 174 17
309 211 40 4
1227 134 162 237
700 32 143 219
582 230 134 237
254 151 77 240
662 255 21 0
570 135 206 188
1073 118 184 218
947 38 200 156
499 135 165 206
89 248 205 127
643 24 131 39
293 75 200 38
935 200 38 62
1233 237 134 219
1105 188 23 229
102 127 146 248
532 188 37 47
1000 77 188 240
1064 200 218 118
325 41 95 204
942 114 200 38
544 37 188 160
198 102 183 239
1103 89 23 229
262 240 138 77
563 201 206 135
279 105 38 200
450 23 105 229
220 118 218 139
1035 197 76 61
469 23 229 56
471 23 229 155
1130 206 135 205
724 32 188 219
367 175 240 77
973 4 100 211
345 41 204 117
713 219 130 32
47 47 247 189
219 121 218 118
338 204 170 41
653 0 19 255
486 206 167 135
523 9 208 127
691 193 247 47
365 240 227 77
112 248 156 127
246 104 237 111
862 218 147 118
122 127 248 205
409 218 118 120
1095 26 173 196
571 135 206 205
581 205 134 237
631 131 24 103
1255 184 17 101
835 239 142 102
290 192 200 38
195 102 239 197
281 182 38 200
66 173 219 32
554 199 135 206
680 173 47 247
810 180 94 51
394 61 197 98
453 89 23 229
210 218 118 137
1286 131 73 24
626 31 24 131
255 191 77 240
491 159 206 135
1049 61 133 197
593 178 237 134
314 133 211 4
852 118 129 218
1163 208 48 9
188 238 239 102
800 51 60 180
39 247 205 47
245 129 237 104
124 127 233 248
429 196 26 146
1210 206 159 135
200 118 177 218
666 244 255 0
174 51 91 180
621 17 127 184
768 165 248 127
1160 208 9 113
527 147 37 188
836 239 175 102
439 78 196 26
567 135 206 137
906 230 77 240
1069 118 218 156
1280 131 24 129
416 152 218 118
821 51 180 176
1161 208 9 66
107 248 127 243
687 247 109 47
252 77 81 240
441 26 196 56
1075 83 26 196
209 218 118 161
1149 135 165 206
1042 89 197 61
81 214 127 248
900 77 159 240
640 86 131 24
995 41 204 117
1004 122 77 240
560 206 159 135
343 43 204 41
1067 128 218 118
871 118 218 163
1256 184 17 61
381 197 61 176
1132 206 135 171
1137 206 184 135
806 180 51 132
658 255 0 223
212 218 147 118
454 139 23 229
1197 37 108 188
718 83 219 32
959 211 40 4
605 184 17 101
53 56 32 219
869 121 218 118
40 241 247 47
339 199 204 41
882 196 104 237
711 219 41 32
259 240 77 133
148 38 178 221
618 17 184 120
319 4 211 123
623 17 47 184
389 187 197 61
1136 206 167 135
1113 229 172 23
1167 177 208 9
736 248 127 137
1209 206 142 135
1128 173 135 206
796 38 221 176
884 237 104 214
186 239 175 102
1278 82 24 131
329 143 41 204
1165 208 143 9
377 87 61 197
366 214 240 77
561 206 176 135
1140 176 206 135
1006 201 77 240
757 248 127 243
49 47 209 247
65 218 219 32
578 134 137 237
771 127 248 176
994 41 204 78
1044 61 197 98
781 221 38 192
478 173 135 206
1047 61 197 196
78 127 127 248
152 104 51 180
749 127 243 248
917 146 240 77
46 47 247 141
411 218 164 118
191 139 239 102
192 106 239 102
548 37 71 188
363 240 149 77
1100 23 105 229
1159 208 9 161
276 38 88 200
115 248 244 127
500 9 193 208
1156 112 9 208
1032 197 61 144
524 9 208 175
606 184 17 61
1125 135 148 206
1268 17 184 120
972 4 150 211
1019 97 240 77
1179 188 37 156
269 77 240 86
1021 77 240 136
511 208 9 66
889 237 154 104
111 248 127 127
847 102 216 239
1184 188 99 37
1208 206 135 145
988 204 170 41
424 118 160 218
787 221 147 38
580 181 134 237
214 218 195 118
321 4 200 211
689 247 205 47
521 9 208 32
789 207 221 38
1191 37 188 51
897 104 237 143
1297 24 120 131
630 131 24 129
402 148 118 218
1292 34 131 24
74 32 188 219
206 203 118 218
1279 108 24 131
829 219 102 239
657 225 0 255
1173 9 208 127
783 221 38 105
430 196 26 105
332 204 41 147
707 219 32 203
1174 9 208 175
559 206 142 135
437 159 196 26
369 97 240 77
1087 159 196 26
494 135 206 162
1285 131 48 24
878 104 139 237
686 247 61 47
531 188 37 84
1269 17 184 161
861 218 123 118
1295 24 131 91
358 240 77 201
969 4 211 123
1205 206 135 196
105 195 127 248
1144 135 206 162
775 38 90 221
955 211 4 167
525 75 37 188
244 161 237 104
88 248 176 127
1078 196 26 187
576 134 186 237
1082 196 29 26
282 200 38 179
648 24 94 131
161 180 125 51
1178 184 37 188
196 102 239 229
615 34 184 17
579 156 134 237
84 248 127 195
1239 237 197 134
225 104 235 237
248 104 237 175
477 156 135 206
853 131 118 218
1189 96 188 37
898 104 237 175
987 204 130 41
43 97 247 47
1068 118 218 132
414 200 218 118
992 82 204 41
1252 147 17 184
901 77 120 240
971 4 200 211
807 180 51 101
349 41 134 204
346 41 204 157
778 118 38 221
1219 135 206 171
296 38 200 117
433 196 69 26
1022 77 240 175
177 153 102 239
961 211 139 4
445 26 173 196
1221 135 206 205
257 240 77 211
520 34 208 9
1185 188 135 37
851 118 153 218
993 43 204 41
1246 134 237 164
310 211 90 4
382 197 61 144
682 247 47 225
1264 74 184 17
737 248 146 127
1194 37 188 160
167 51 180 52
833 239 102 128
764 248 215 127
60 219 32 68
877 104 171 237
72 32 219 160
1188 132 188 37
1017 175 240 77
664 255 144 0
487 206 184 135
922 77 240 204
732 243 127 248
931 182 38 200
497 135 199 206
376 61 67 197
802 104 51 180
169 51 180 114
569 135 206 171
1056 218 118 192
1211 206 176 135
780 206 38 221
840 172 239 102
154 166 51 180
827 153 102 239
495 135 206 179
545 37 180 188
57 219 32 203
170 51 180 145
492 142 206 135
1282 131 24 77
594 153 237 134
564 184 206 135
866 193 218 118
387 197 142 61
805 180 51 163
446 26 132 196
438 119 196 26
1260 184 134 17
609 184 94 17
856 203 118 218
863 218 171 118
91 233 248 127
388 197 174 61
120 127 248 147
1093 26 196 137
763 248 186 127
54 101 32 219
590 237 222 134
423 118 184 218
930 143 38 200
85 248 127 166
793 38 221 45
888 237 122 104
502 9 97 208
235 237 104 182
975 41 95 204
1066 152 218 118
574 135 156 206
1288 131 125 24
1168 129 208 9
820 51 180 145
295 38 200 79
681 221 47 247
1041 122 197 61
705 145 32 219
628 82 24 131
230 133 104 237
289 200 169 38
1187 168 188 37
788 221 191 38
284 200 38 101
899 104 237 207
679 125 47 247
392 89 197 61
612 154 184 17
613 114 184 17
991 121 204 41
393 61 197 66
1152 9 97 208
976 41 56 204
243 192 237 104
336 204 91 41
830 239 102 227
351 77 149 240
864 218 195 118
134 221 38 61
465 187 229 23
86 248 127 137
340 160 204 41
350 77 188 240
982 204 41 147
320 4 211 173
652 0 81 255
1276 31 24 131
109 248 127 185
410 218 140 118
940 192 200 38
1262 154 184 17
280 143 38 200
403 172 118 218
1096 26 132 196
1190 59 188 37
142 75 221 38
224 118 201 218
458 229 23 121
750 127 204 248
302 106 4 211
1283 131 24 52
1236 237 134 145
1027 87 61 197
1123 23 204 229
592 203 237 134
551 148 135 206
470 23 229 106
384 197 61 78
659 255 0 162
1169 82 208 9
797 38 221 220
755 195 127 248
1234 237 134 195
565 167 206 135
747 127 248 195
1063 218 212 118
512 208 9 18
396 61 197 163
1148 135 182 206
1115 187 229 23
519 82 208 9
135 221 59 38
190 172 239 102
1170 34 208 9
147 38 221 220
1145 135 206 179
816 81 180 51
766 223 248 127
407 218 118 168
722 32 219 160
703 56 32 219
362 240 109 77
741 233 248 127
286 200 53 38
552 165 135 206
274 77 198 240
550 135 139 206
37 247 109 47
318 4 211 73
716 173 219 32
391 122 197 61
974 4 51 211
330 183 41 204
194 102 239 164
242 224 237 104
1029 153 61 197
357 240 77 240
1005 162 77 240
184 239 109 102
292 114 200 38
872 118 218 187
1198 37 71 188
312 211 189 4
625 24 43 131
55 145 32 219
322 4 150 211
1171 9 208 32
36 247 61 47
656 164 0 255
627 56 24 131
769 136 248 127
175 102 117 239
876 104 203 237
896 104 237 111
1083 196 69 26
226 104 203 237
355 162 77 240
1046 61 197 163
427 165 26 196
543 37 188 123
854 155 118 218
452 40 23 229
413 218 212 118
272 77 240 204
79 156 127 248
927 38 49 200
1001 77 149 240
61 219 41 32
421 118 218 204
717 128 219 32
237 237 104 118
156 180 51 132
62 219 86 32
1162 208 9 18
1014 240 188 77
172 51 153 180
668 121 255 0
385 197 76 61
123 127 248 234
455 188 23 229
1229 156 134 237
236 237 104 150
291 153 200 38
275 38 127 200
503 9 50 208
595 134 237 139
1204 199 135 206
104 166 127 248
1053 172 118 218
855 179 118 218
473 23 204 229
1134 206 135 137
241 237 218 104
405 218 118 216
1212 206 193 135
1224 135 156 206
663 255 83 0
1009 240 77 162
803 135 51 180
1253 184 17 181
118 165 248 127
791 119 221 38
845 102 239 197
306 211 4 117
729 156 127 248
516 208 191 9
799 38 134 221
1003 83 77 240
1124 23 154 229
1201 148 135 206
260 240 77 94
1122 23 229 205
814 143 180 51
868 145 218 118
485 206 150 135
1060 218 140 118
73 32 219 205
708 219 32 158
211 218 123 118
251 77 120 240
406 218 118 192
1228 134 137 237
202 118 129 218
461 229 73 23
568 135 206 154
956 211 4 117
475 135 148 206
1010 240 77 123
35 247 47 81
311 211 139 4
1214 184 206 135
233 228 104 237
599 134 236 237
1199 39 37 188
637 131 99 24
671 0 255 62
674 0 255 246
654 42 0 255
733 248 127 224
1079 196 26 146
117 194 248 127
965 84 211 4
268 107 240 77
133 221 38 105
317 4 211 24
460 229 23 23
504 16 9 208
932 200 38 179
1203 182 135 206
31 221 47 247
1249 134 236 237
748 127 248 224
970 4 211 173
1270 17 167 184
232 196 104 237
480 206 135 205
719 38 219 32
1237 237 148 134
1172 9 208 80
675 47 161 247
604 184 17 141
100 127 204 248
958 211 4 18
812 180 156 51
468 39 229 23
462 229 122 23
1094 26 196 178
699 47 209 247
909 240 77 133
207 218 118 209
746 127 248 166
106 224 127 248
607 184 17 20
850 118 177 218
597 134 237 189
448 26 51 196
129 162 38 221
1254 184 17 141
839 205 239 102
1244 153 237 134
304 206 4 211
348 41 173 204
646 24 131 116
885 237 104 182
572 135 190 206
140 163 221 38
620 17 167 184
261 240 99 77
1088 119 196 26
1037 197 142 61
48 47 247 237
904 151 77 240
299 38 166 200
1007 240 77 240
151 73 51 180
1200 135 139 206
1074 118 160 218
108 248 127 214
754 166 127 248
32 247 47 225
162 180 156 51
985 204 52 41
1107 229 23 171
395 61 197 131
937 200 92 38
734 248 127 195
144 38 221 88
642 34 131 24
308 211 4 18
890 237 186 104
767 194 248 127
51 32 98 219
951 57 4 211
1158 207 9 208
978 104 41 204
1121 23 229 155
944 38 200 40
895 129 237 104
598 134 237 214
530 188 37 120
270 77 240 125
1150 9 193 208
999 41 134 204
860 218 118 137
1011 240 77 84
785 221 59 38
415 176 218 118
1076 124 26 196
811 180 125 51
464 229 221 23
44 49 247 47
50 32 143 219
315 84 211 4
824 51 91 180
326 41 56 204
1241 227 237 134
715 218 219 32
742 204 248 127
176 120 102 239
1225 134 211 237
419 118 218 156
672 0 255 123
990 160 204 41
1110 229 23 23
977 65 41 204
146 38 221 176
125 38 90 221
203 131 118 218
435 196 151 26
342 82 204 41
42 145 247 47
422 118 208 218
327 65 41 204
629 108 24 131
1266 17 184 40
287 200 92 38
818 51 180 83
1272 17 87 184
337 204 130 41
432 196 29 26
181 239 102 194
912 240 138 77
378 120 61 197
371 77 240 136
333 204 41 108
537 168 188 37
952 106 4 211
1296 24 131 116
1247 134 237 189
949 38 166 200
996 41 204 157
536 188 172 37
943 75 200 38
602 147 17 184
1099 42 26 196
1070 118 218 180
925 38 127 200
1273 17 47 184
163 174 180 51
879 104 107 237
923 77 237 240
1291 60 131 24
1104 139 23 229
399 61 133 197
110 248 127 156
1181 188 37 84
697 47 247 189
265 224 240 77
1020 77 240 96
1166 208 191 9
1151 9 145 208
1034 197 61 78
1012 240 109 77
1195 37 180 188
484 206 135 137
479 190 135 206
815 112 180 51
1261 184 174 17
1299 24 69 131
1026 61 67 197
1038 197 174 61
45 47 247 93
80 185 127 248
770 127 248 147
556 206 135 179
728 127 127 248
1250 67 17 184
1207 206 135 162
182 239 102 161
819 51 180 114
753 137 127 248
984 204 41 69
1091 26 196 56
498 135 182 206
1294 24 131 65
93 175 248 127
979 143 41 204
1030 185 61 197
1050 118 136 218
983 204 41 108
957 211 4 67
1277 56 24 131
1218 135 206 154
150 51 60 180
743 175 248 127
466 138 229 23
496 135 206 196
489 193 206 135
103 137 127 248
758 248 127 214
240 237 186 104
386 197 109 61
249 104 237 207
258 240 77 172
547 37 108 188
566 150 206 135
481 206 135 188
562 206 193 135
632 131 24 77
873 118 218 211
596 134 237 164
838 238 239 102
70 32 219 71
436 196 192 26
1138 206 202 135
127 74 38 221
1213 201 206 135
515 208 143 9
647 24 120 131
730 185 127 248
727 127 156 248
1092 26 196 97
834 239 109 102
1238 237 172 134
506 112 9 208
83 248 127 224
635 131 48 24
165 112 180 51
360 240 77 123
542 37 188 87
751 127 175 248
1111 229 73 23
514 208 96 9
1120 23 229 106
1062 218 188 118
250 77 159 240
1106 229 23 220
517 177 208 9
960 211 90 4
301 57 4 211
64 219 175 32
701 32 98 219
119 136 248 127
702 32 53 219
425 83 26 196
641 60 131 24
266 185 240 77
1142 142 206 135
645 24 131 91
428 196 26 187
1216 150 206 135
278 66 38 200
1265 34 184 17
526 111 37 188
1231 205 134 237
967 4 211 24
683 247 47 177
859 218 118 161
1284 131 24 26
911 240 99 77
1230 181 134 237
784 221 38 61
919 77 240 86
723 32 219 205
1146 135 206 196
998 41 173 204
459 229 23 72
804 166 51 180
844 102 239 164
894 161 237 104
221 118 218 163
875 104 235 237
617 17 184 80
440 37 196 26
522 9 208 80
655 103 0 255
575 134 211 237
353 83 77 240
1057 218 118 168
776 38 46 221
201 118 153 218
97 127 248 195
507 159 9 208
762 248 156 127
624 27 17 184
828 186 102 239
99 127 243 248
573 135 173 206
924 77 198 240
539 96 188 37
404 196 118 218
187 239 208 102
1097 26 91 196
149 38 134 221
673 0 255 185
892 224 237 104
1154 16 9 208
1018 136 240 77
208 218 118 185
38 247 157 47
1043 61 197 66
271 77 240 165
1164 208 96 9
1222 135 190 206
1080 196 26 105
370 77 240 96
1143 135 206 145
344 41 204 78
323 4 100 211
33 247 47 177
400 118 136 218
693 97 247 47
981 204 41 186
1147 135 199 206
649 24 69 131
121 127 248 176
197 102 216 239
832 239 102 161
183 239 102 128
256 230 77 240
300 7 4 211
685 247 47 81
589 237 197 134
490 176 206 135
772 127 248 205
185 239 142 102
178 186 102 239
305 211 4 167
721 32 219 115
158 180 51 70
285 200 38 62
131 221 38 192
364 240 188 77
375 61 100 197
451 23 56 229
1245 134 237 139
831 239 102 194
710 219 32 68
1141 159 206 135
1274 27 17 184
773 127 248 234
557 206 135 162
331 204 41 186
731 214 127 248
179 219 102 239
132 221 38 149
926 38 88 200
538 132 188 37
1072 118 208 218
964 133 211 4
756 224 127 248
52 32 53 219
352 77 110 240
962 211 189 4
910 240 77 94
126 38 46 221
696 47 247 141
328 104 41 204
463 229 172 23
941 153 200 38
665 255 205 0
688 247 157 47
1242 203 237 134
534 188 99 37
215 217 218 118
676 47 113 247
420 118 218 180
1177 147 37 188
1131 206 135 188
541 37 188 51
704 101 32 219
418 118 218 132
82 243 127 248
1084 196 110 26
1196 37 144 188
533 188 63 37
918 107 240 77
886 237 104 150
264 240 217 77
204 155 118 218
634 131 24 26
443 26 196 137
745 127 248 137
442 26 196 97
216 193 218 118
826 120 102 239
98 127 248 224
130 206 38 221
145 38 221 132
472 23 229 205
1108 229 23 121
887 237 104 118
712 219 86 32
347 41 204 196
116 223 248 127
277 38 49 200
549 39 37 188
474 23 154 229
893 192 237 104
774 127 233 248
837 239 208 102
87 248 146 127
954 206 4 211
760 248 127 156
905 191 77 240
164 143 180 51
1248 134 237 214
638 131 125 24
588 237 172 134
633 131 24 52
34 247 47 129
59 219 32 113
234 237 104 214
883 228 104 237
101 127 175 248
1077 165 26 196
180 239 102 227
1215 167 206 135
968 4 211 73
777 74 38 221
600 67 17 184
1251 107 17 184
1290 86 131 24
153 135 51 180
1114 229 221 23
166 81 180 51
765 248 244 127
114 248 215 127
798 38 178 221
939 200 169 38
891 237 218 104
934 200 38 101
1033 197 61 111
273 77 237 240
933 200 38 140
948 38 200 195
1102 40 23 229
476 139 135 206
1031 197 61 176
660 255 0 101
841 139 239 102
986 204 91 41
1153 9 50 208
444 26 196 178
966 34 211 4
1116 138 229 23
870 118 218 139
739 248 205 127
823 51 122 180
1133 206 135 154
546 37 144 188
368 136 240 77
946 38 200 117
857 218 118 209
1202 165 135 206
398 61 165 197
218 145 218 118
651 0 142 255
267 146 240 77
706 190 32 219
842 106 239 102
608 184 54 17
690 241 247 47
298 38 200 195
639 111 131 24
58 219 32 158
1109 229 23 72
953 156 4 211
1002 77 110 240
137 221 147 38
740 248 234 127
678 77 47 247
880 133 104 237
698 47 247 237
786 221 103 38
1155 64 9 208
908 240 77 172
401 124 118 218
694 49 247 47
725 127 214 248
936 200 53 38
1023 77 240 214
361 240 77 84
